PA1   PA2    PA4    PA3     h2    u2  com
Q1  -0.035 0.297  0.035  0.083 0.0976 0.902 1.22
Q2   0.559 0.141  0.032  0.252 0.3971 0.603 1.54
Q3   0.089 0.592 -0.071  0.079 0.3701 0.630 1.11
Q4   0.062 0.343  0.133  0.260 0.2071 0.793 2.28
Q5   0.786 0.109  0.270  0.049 0.7047 0.295 1.28
Q6   0.240 0.535  0.112  0.074 0.3620 0.638 1.53
Q7   0.666 0.032  0.070 -0.104 0.4607 0.539 1.08
Q8   0.578 0.162  0.272 -0.055 0.4374 0.563 1.62
Q9   0.469 0.383  0.205  0.007 0.4082 0.592 2.33
Q10  0.127 0.617  0.221  0.124 0.4605 0.539 1.44
Q11  0.389 0.067  0.439  0.213 0.3939 0.606 2.50
Q12  0.366 0.178  0.673 -0.024 0.6186 0.381 1.71
Q13  0.473 0.079  0.293  0.344 0.4342 0.566 2.63
Q14  0.246 0.181 -0.058  0.725 0.6228 0.377 1.38
Q15  0.339 0.107  0.497  0.278 0.4500 0.550 2.53
Q16 -0.040 0.217  0.148  0.471 0.2929 0.707 1.65
Q17  0.392 0.395  0.127  0.158 0.3507 0.649 2.52
Q18  0.194 0.741  0.219 -0.016 0.6348 0.365 1.32
Q19  0.130 0.604  0.343  0.115 0.5130 0.487 1.78
Q20 -0.035 0.030  0.222  0.539 0.3414 0.659 1.35
Q21  0.124 0.163  0.611  0.203 0.4563 0.544 1.47
Q22  0.145 0.379  0.640  0.129 0.5916 0.408 1.85